    6
human_NP_0  0.000000  1.224432  1.434659  1.374329  1.369210  1.421615
yeast_AET1  1.224432  0.000000  0.660119  0.571801  0.557667  0.604167
haloarcula  1.434659  0.660119  0.000000  0.511297  0.436974  0.467914
coli_DNAK   1.374329  0.571801  0.511297  0.000000  0.410023  0.436249
subtilis_D  1.369210  0.557667  0.436974  0.410023  0.000000  0.341067
methanosar  1.421615  0.604167  0.467914  0.436249  0.341067  0.000000
