>Training set substitution matrix 
A,R,N,D,C,Q,E,G,H,I,L,K,M,F,P,S,T,W,Y,V
3.8734149015441393,-0.25252208752083555,0.6650157522871918,1.5130126588421415,0.13450103558841156,-0.808915436045221,0.13450103558841156,-1.52261125088858,1.5130126588421415,-1.8089154360452209,-2.504909249155121,-0.25252208752083555,-0.25252208752083555,-1.0230402413980684,-0.808915436045221,-1.374512611899446,0.13450103558841156,0.13450103558841156,-0.808915436045221,-2.412986759714082
-0.25252208752083555,5.039393438300087,1.787006276665802,2.6350031832207517,1.256491559967022,0.31307508833338943,1.256491559967022,-0.4006207265099696,2.6350031832207517,-0.6869249116666106,-1.3829187247765107,0.8694684368577745,0.8694684368577745,0.0989502829805419,0.31307508833338943,-0.25252208752083555,1.256491559967022,1.256491559967022,0.31307508833338943,-1.2909962353354716
0.6650157522871918,1.787006276665802,6.026472211361191,3.552541023028779,2.174029399775049,1.2306129281414169,2.174029399775049,0.5169171132980575,3.552541023028779,0.23061292814141668,-0.4653808849684836,1.787006276665802,1.787006276665802,1.0164881227885691,1.2306129281414169,0.6650157522871918,2.174029399775049,2.174029399775049,1.2306129281414169,-0.3734583955274445
1.5130126588421415,2.6350031832207517,3.552541023028779,6.985500430304885,3.0220263063299995,2.0786098346963664,3.0220263063299995,1.3649140198530076,4.400537929583729,1.0786098346963666,0.38261602158646624,2.6350031832207517,2.6350031832207517,1.8644850293435191,2.0786098346963664,1.5130126588421415,3.0220263063299995,3.0220263063299995,2.0786098346963664,0.4745385110275055
0.13450103558841156,1.256491559967022,2.174029399775049,3.0220263063299995,5.450869605133874,0.7000982114426366,1.643514683076269,-0.013597603400722316,3.0220263063299995,-0.2999017885573635,-0.9958956016672633,1.256491559967022,1.256491559967022,0.4859734060897894,0.7000982114426366,0.13450103558841156,1.643514683076269,1.643514683076269,0.7000982114426366,-0.903973112226224
-0.808915436045221,0.31307508833338943,1.2306129281414169,2.0786098346963664,0.7000982114426366,4.457121457950096,0.7000982114426366,-0.9570140750343549,2.0786098346963664,-1.2433182601909958,-1.9393120733008962,0.31307508833338943,0.31307508833338943,-0.45744306554384334,-0.24331826019099576,-0.808915436045221,0.7000982114426366,0.7000982114426366,-0.24331826019099576,-1.847389583859857
0.13450103558841156,1.256491559967022,2.174029399775049,3.0220263063299995,1.643514683076269,0.7000982114426366,5.450869605133874,-0.013597603400722316,3.0220263063299995,-0.2999017885573635,-0.9958956016672633,1.256491559967022,1.256491559967022,0.4859734060897894,0.7000982114426366,0.13450103558841156,1.643514683076269,1.643514683076269,0.7000982114426366,-0.903973112226224
-1.52261125088858,-0.4006207265099696,0.5169171132980575,1.3649140198530076,-0.013597603400722316,-0.9570140750343549,-0.013597603400722316,3.7216075329010465,1.3649140198530076,-1.957014075034355,-2.653007888144255,-0.4006207265099696,-0.4006207265099696,-1.1711388803872023,-0.9570140750343549,-1.52261125088858,-0.013597603400722316,-0.013597603400722316,-0.9570140750343549,-2.561085398703216
1.5130126588421415,2.6350031832207517,3.552541023028779,4.400537929583729,3.0220263063299995,2.0786098346963664,3.0220263063299995,1.3649140198530076,6.985500430304885,1.0786098346963666,0.38261602158646624,2.6350031832207517,2.6350031832207517,1.8644850293435191,2.0786098346963664,1.5130126588421415,3.0220263063299995,3.0220263063299995,2.0786098346963664,0.4745385110275055
-1.8089154360452209,-0.6869249116666106,0.23061292814141668,1.0786098346963666,-0.2999017885573635,-1.2433182601909958,-0.2999017885573635,-1.957014075034355,1.0786098346963666,3.400537929583729,-2.939312073300896,-0.6869249116666106,-0.6869249116666106,-1.4574430655438433,-1.2433182601909958,-1.8089154360452209,-0.2999017885573635,-0.2999017885573635,-1.2433182601909958,-1.847389583859857
-2.504909249155121,-1.3829187247765107,-0.4653808849684836,0.38261602158646624,-0.9958956016672633,-1.9393120733008962,-0.9958956016672633,-2.653007888144255,0.38261602158646624,-2.939312073300896,2.7222461182072877,-1.3829187247765107,-1.3829187247765107,-2.1534368786537432,-1.9393120733008962,-2.504909249155121,-0.9958956016672633,-0.9958956016672633,-1.9393120733008962,-3.543383396969757
-0.25252208752083555,0.8694684368577745,1.787006276665802,2.6350031832207517,1.256491559967022,0.31307508833338943,1.256491559967022,-0.4006207265099696,2.6350031832207517,-0.6869249116666106,-1.3829187247765107,5.039393438300087,0.8694684368577745,0.0989502829805419,0.31307508833338943,-0.25252208752083555,1.256491559967022,1.256491559967022,0.31307508833338943,-1.2909962353354716
-0.25252208752083555,0.8694684368577745,1.787006276665802,2.6350031832207517,1.256491559967022,0.31307508833338943,1.256491559967022,-0.4006207265099696,2.6350031832207517,-0.6869249116666106,-1.3829187247765107,0.8694684368577745,5.039393438300087,0.0989502829805419,0.31307508833338943,-0.25252208752083555,1.256491559967022,1.256491559967022,0.31307508833338943,-1.2909962353354716
-1.0230402413980684,0.0989502829805419,1.0164881227885691,1.8644850293435191,0.4859734060897894,-0.45744306554384334,0.4859734060897894,-1.1711388803872023,1.8644850293435191,-1.4574430655438433,-2.1534368786537432,0.0989502829805419,0.0989502829805419,4.235322724711828,-0.45744306554384334,-1.0230402413980684,0.4859734060897894,0.4859734060897894,-0.45744306554384334,-2.0615143892127046
-0.808915436045221,0.31307508833338943,1.2306129281414169,2.0786098346963664,0.7000982114426366,-0.24331826019099576,0.7000982114426366,-0.9570140750343549,2.0786098346963664,-1.2433182601909958,-1.9393120733008962,0.31307508833338943,0.31307508833338943,-0.45744306554384334,4.457121457950096,-0.808915436045221,0.7000982114426366,0.7000982114426366,-0.24331826019099576,-1.847389583859857
-1.374512611899446,-0.25252208752083555,0.6650157522871918,1.5130126588421415,0.13450103558841156,-0.808915436045221,0.13450103558841156,-1.52261125088858,1.5130126588421415,-1.8089154360452209,-2.504909249155121,-0.25252208752083555,-0.25252208752083555,-1.0230402413980684,-0.808915436045221,3.8734149015441393,0.13450103558841156,0.13450103558841156,-0.808915436045221,-2.412986759714082
0.13450103558841156,1.256491559967022,2.174029399775049,3.0220263063299995,1.643514683076269,0.7000982114426366,1.643514683076269,-0.013597603400722316,3.0220263063299995,-0.2999017885573635,-0.9958956016672633,1.256491559967022,1.256491559967022,0.4859734060897894,0.7000982114426366,0.13450103558841156,5.450869605133874,1.643514683076269,0.7000982114426366,-0.903973112226224
0.13450103558841156,1.256491559967022,2.174029399775049,3.0220263063299995,1.643514683076269,0.7000982114426366,1.643514683076269,-0.013597603400722316,3.0220263063299995,-0.2999017885573635,-0.9958956016672633,1.256491559967022,1.256491559967022,0.4859734060897894,0.7000982114426366,0.13450103558841156,1.643514683076269,5.450869605133874,0.7000982114426366,-0.903973112226224
-0.808915436045221,0.31307508833338943,1.2306129281414169,2.0786098346963664,0.7000982114426366,-0.24331826019099576,0.7000982114426366,-0.9570140750343549,2.0786098346963664,-1.2433182601909958,-1.9393120733008962,0.31307508833338943,0.31307508833338943,-0.45744306554384334,-0.24331826019099576,-0.808915436045221,0.7000982114426366,0.7000982114426366,4.457121457950096,-1.847389583859857
-2.412986759714082,-1.2909962353354716,-0.3734583955274445,0.4745385110275055,-0.903973112226224,-1.847389583859857,-0.903973112226224,-2.561085398703216,0.4745385110275055,-2.8473895838598566,-3.543383396969757,-1.2909962353354716,-1.2909962353354716,-2.0615143892127046,-1.847389583859857,-2.412986759714082,-0.903973112226224,-0.903973112226224,-1.847389583859857,2.7964666059148677
